12436965
12436914
12436629
12436621
12436909
12436980
12436500
12436981
12436955
12436883
12436983
12436905
12436504
12436523
12436496
12436906
12436623
12436514
12436991
12436478
12436460
12436885
12436463
12437046
12436932
12436982
12436472
12436944
12437027
12436871
12436458
12436624
12436887
12436989
12436477
12436946
12436943
12436939
12436940
12436882
12436962
12436916
12436464
12436992
12436554
12436470
12436913
12437017
12437015
12436936
12437012
12437014
12436450
12436935
12436508
12436493
12436926
12436610
12436972
12436442
12436945
12436959
12436896
12436928
12436958
12436507
12437051
12437043
12437030
12436436
12436510
12436627
12436964
12436447
12436466
12436482
12436903
12436904
12436479
12436584
12436532
12436933
12437005
12436600
12436511
12436941
12436512
12436998
13365051
12436476
12436576
12436545
12436977
12436881
12436618
12436453
12437055
12436608
12436594
12436978
12436900
12436455
12436525
12436877
12436490
12436410
12436580
12436544
12436954
12436895
12437009
12436494
12437007
12436498
12436990
12436875
12437023
12436601
12437039
12436591
12436986
12436876
13015216
12436524
12436907
12437004
12437053
12437060
12437029
12436481
12437038
12436537
12436890
12436931
12436475
12436893
12436897
12436445
12436595
12436921
12436474
12437020
12437022
12436607
12436938
12436870
12436441
12436915
12436444
12436985
12437003
12437019
12437008
12436994
12436622
12436598
12437045
12436485
12437006
12436611
12436937
12436518
12436614
12436558
12436628
12436873
12436987
12436604
12436587
12436513
12436440
12436467
12436612
12436988
13560222
12436550
12436446
12436626
12436599
12436952
12436617
12436465
12437021
12436619
12436503
12437034
12437036
12437018
12437050
12436950
12436967
12437058
12436487
12436892
12436497
12436551
12436960
12436949
12436516
12436588
12436957
12436505
12437013
12437059
12436517
12436419
12436471
12436495
12436919
12437035
12436439
12436975
12436437
12436922
12436589
12436509
12436491
12437040
12436951
12436596
12436462
12436934
12436625
12436535
12436461
12437011
12436923
12436528
13560219
12436920
12436930
12436469
12436912
12436925
12436615
12436602
12436613
12436578
12436908
12436515
12436894
12437047
12436522
12436996
13344418
12437032
12436884
12436484
12436999
12436886
12436872
12436902
12436502
12437057
12437025
12436488
12437041
12436874
12436609
12436473
12436968
12436899
12436961
12436966
12437026
12436529
12436993
12437000
12437056
12437031
12436530
12437028
12436527
12436468
12436942
12436879
12436459
12436521
12437054
12437049
12436918
12436924
12436969
12436973
12436520
12437052
12436891
12436492
12436970
12437002
12437024
12436901
12437044
12436480
12437010
12436546
12436449
12437037
12436539
12436456
12436593
12436948
12436489
12436620
12436947
12436448
12436597
12436506
12436483
12436888
12436438
12436486
12436974
12436454
12436910
12436457
12436995
12436531
12436880
12436956
12436984
12437001
12436898
12436616
12436911
12436499
12436963
12436501
12436451
12436606
12436971
12436889
12436443
12436526
12437048
12436927
12436434
12436547
12436519
