11352326
11352331
11352481
11352560
11352469
11352381
11352609
12240634
11352397
11352419
11352476
11352551
11352327
11352440
11352546
11352334
11352350
11352618
11352508
11352599
11352345
11352498
11352443
11352541
11352365
11352651
11352342
11352323
11352373
11352353
11352600
11352325
11352501
11352527
11352657
11352493
11352502
11352619
11352520
11352473
11352341
11352375
11352464
11352471
11352552
11352582
11352572
11352386
11352348
11352671
11352503
11352677
11777280
11352337
11352477
11352643
11352340
11352455
11352589
12190336
11352318
11352450
11352644
11352446
11352380
11352636
11352396
11352441
11352315
11352655
11352674
11352512
11352538
11352421
11352585
11352561
11352352
11352590
11352540
11352656
11352594
11352370
11352395
11352633
11352491
11352475
11352415
11352426
11352459
11352511
11352664
11352586
11352332
11352627
11352672
11352553
11352333
11352413
11352667
11352652
11352675
11352495
11352304
11352547
11352452
11352513
11352389
11352434
11352456
11352559
11352390
11352392
11352393
11352569
11352650
11352358
11352613
11352518
11352562
11352577
11352254
11352580
11352649
11352500
12240571
11352534
11352310
11352309
12190340
11352330
11352409
11352324
11352597
11352606
11352539
11352470
11352420
11352573
12190332
11352410
11352574
11352661
11352442
11352427
11626262
11352486
11352418
11352362
11352666
11352620
11352617
11352472
11352351
11352554
11352431
11352623
11352360
11352646
11352487
11352347
11352374
11352401
11352625
11352523
11352602
11352457
11352665
11352378
11352445
11352447
11352638
11352468
12226774
11352531
11896302
11352499
11352322
11352564
11352595
11352605
11352535
12190339
11352317
11352536
11352449
11352479
11352568
11352320
11352663
11352653
11352312
11352593
11352463
11352578
11352537
11352509
11352328
11352555
11352532
11352319
11352253
11352635
11352429
11352414
12190341
11352581
11352425
11352563
11352530
11352417
11352587
11352454
11352515
11352529
12190322
11352453
11352588
11352303
11352616
11352533
11352435
11352504
11352494
11352654
11352637
11352626
11352668
11352307
11352366
11352624
11352545
11352485
11352614
11352634
11352660
11352629
11352376
11352484
11352489
11352662
11352371
11352402
11352647
11352465
11352346
11352483
11352343
11352570
11352488
11352604
11352584
11352611
11352439
11352335
11352404
11352658
11352558
11352437
11352399
11352354
11352557
11352424
11977248
11352640
11352369
11352316
11352308
11352517
11352382
11352355
11352608
11352522
11352368
11352359
11352403
11352305
11352478
11352458
11352567
11352632
11352405
11352466
11352349
11352428
11352642
11352622
11352400
11352514
11352255
11352412
11352621
11352670
11352462
11352676
11352630
11352321
11352363
11352474
11352543
11352314
11352398
11352525
11352313
11352416
11352628
11352575
11352448
11352612
11352460
11352252
11352490
11352383
11352524
11352408
11352329
11352548
11352592
12240570
11352467
11352430
11352641
11352519
11352673
11352528
11971437
11352361
11352387
11352311
11352251
11352496
12226495
11352669
11352507
11352367
11352639
11352583
11352556
11352364
11352339
11352615
11352423
11352411
11352566
11352391
11352433
11352631
11352492
11352432
11352388
11352648
11352482
11352407
11352571
11352385
11352336
11352516
11352542
11352250
11352406
11352505
11352344
11777279
11352451
11777281
11352306
11352379
11352565
11352579
11352591
11352461
11352510
11352372
11352521
11352645
11352394
11352356
11352549
11352384
11352576
11352338
